6.881013244343833
1.242704861304354
0.051817603219956
13.127842687048956
12.971243066065368
0.333911380576309
0.619400218099088
8.120408340033979
51.562975785377525
0.126325732120799
0.075102047415361
4.336919133306288
23.209415800111600
0.979294961350531
2.992501466163686
4.143084857308775
-9.017997059700715
-1.134129978024960
-7.232290610059861
-0.356041504259981
-0.695870068830460
-52.051246022573196
-0.068933898475116
-0.070259438453063
-0.507312405114925
-0.027005425878514
-0.870315077455363
-0.067160748983712
-14.748912343386850
-6.971643462928505
-4.571825404215049
-2.600041116283972
-0.063373978245845
-1.803439488020865
-1.201305810614837
-26.714857342340572
