2.551630611246567
3.356169918026965
2.399552290896660
0.953760775841952
0.172392873610425
0.325542535347945
0.060853599394208
10.000000000000000
0.060037676636981
10.000000000000000
0.549315769955658
2.525844896758127
1.508872298622822
0.304450194924422
10.000000000000000
7.742807638186268
0.003388052371327
4.446959134097931
1.178283392422735
2.590394805040873
10.000000000000000
8.538488281003918
1.378708944307442
10.000000000000000
1.203224093160325
7.165277228946144
-10.000000000000000
-4.021832313900551
-4.787980907803740
-1.842072110540068
-6.272430523687835
-10.000000000000000
-0.042795852041839
-2.550633310726232
-0.135333154633670
-1.404650041893355
-1.397103287614422
-0.844200739623062
-0.017672952649864
-0.043280265638524
-0.015179677461665
-0.372535651637259
-0.015791600240987
-0.535409799731956
-8.536934195994938
-0.296127901738756
-0.179279081897963
-10.000000000000000
-10.000000000000000
-10.000000000000000
-0.445051456627943
-4.698106844555942
-0.696938946749649
-1.277991630300631
-8.586622760683207
